’1101

1110οω11010010101,0,18. ,
7110011111111,08, 7101, 111, 151

1

101100011101111110,11.

1010011101, 11,16, 11, 88, 511, 01, 93, 1 19, 181,

Μ.. w·
11111ῗέ sums, 11. 11, ³2 100, 100, 110, 110111.
sumu, ,98
huma L

Lactantius· 118.
1100018101. ,
tammus, 1101. 191- , ·
teo 0101, 11. 80, 70, 0110111, 11.
ι0010111011

1111111, 70. 110, 110, 118, 109.
10011000,11.111, 11, 10, 71, 131, 119, 107.
Lucretium.

·1npusepnc..⁶=.

[scopum. 118.

11

1101891111, 99, 110, mi.

1111011110 sapha-tam.

Ι”’ἰι1ι’)”11””1’11 11 11 1010 11 100 100
1111111111. 11010111, “, . . ,7.1, , ;

107, 1οἑ11ᾒι1110, 110, 11ἐ,191ὶ·1,ὦῧ1.1ἐξ8, 111.

are us'comes. ’, · ..
1100111010οο..08 ’ ’

1110110

“ 111ϋωῖ0101οΝ0,10,· 111.

11811111ηωὶ10.

110111010117.

1111111011 101111 107,

’1010011111 1. 0.,10.

10111111, 119.

71100111010011101, ⁶8:

ssim? 1111Λο, 10, 10, 1101, 01, 101, 111.
’1111011910 11, 1010111111.
1818180110 111.

0
omum 110100, 11, 10, 10, 01.
gffi'nfiffm, 100.
01011110, 111180.
(11111ῗέ111001.

11

. 1101111110, 100 110, 1101110, 1001110101.
11111000,ᾅ,111,0101,111, 111.

11111ξὲ1101. 11,11·,10,10,00,11,1,0.11, 100.
1311115ιῦ0 11111111. 1110, 111, 11, 10, amm.. 10,
11010111101110110100,01, 110.
9111111111,Μο

1001011111Δ ,811
1811011

Petronius„ 09, m
philostratum&

11111001 cles, 11.
ΜΜΗο000000000
-Μ111111111110, 10, 10, 01, 01, 00, 0011011101.. 11,

ο1111111111,10111,10,00,· 10, 110, 101.
1111111111.
ζωὴ Μιξιθὲπ, 91, 101.
1100011101, 11, 111, 110.

110111 1101111011 001 1010110011111111111.

{recapit-ns, 1811, 1111

‚affin-{5} 11 78, 130. ‘ 11101101, 10, 71.
Ρ111001111111,9. 15, 01, 107, 110138. 111, 151.
Ptolemaeus, 19, 70, 71, 111, 118, 110.

1011110011, 111.
001011111101,17,17. Q

’ 11 .
1111000110 episc„ 00.

Rhizous, 1101ι

1101011000, 101.

nunus 1001110, 10. 118.

1111110100,11, 18, 81, 01, 08, 81, 81100, 017, 118.
· 1111000110, 01.
S

Salvianus, 0, 18, 01, 78, 101, 101.

‘sedulius 8000110, 87.

801100151οθ. 110, 161, 108. 11110101, 00, 91.

seneen 00010,1,110,118, 101.

Servius, ⁸1, 10, 90, 101.

”00101111111001011., 8, 11.

8110111111 0010ηά111111, 11, 10. 17,18, 01, 71. 11188101,

97, 199 110,118,111,117, 111, 118, 100, 131, 1011,
18ζέιὲἱῶ 188, 01111111 locis 11011011.

gentes. 01, 11101 111188, 01110011, 01.

8001110117.

sophocleo, 100. ,

8010010100, 18, 111, 01110011, 08.

811100,11,17,18 00, 71, 88, 01, 000, 107, 111138
Suetonius, 11, 101. 100·Ι

8111010110 seva, 9, 10, 111, 18, 10, 101101.

8101010010, 10, 11, 01, 00, 77, 81, 00, 81, 80, 05, 90
101, 111, 110, 188.

, 111111Ἠὲ189ςωὶ0( 81, 71, λ’). 11170101, 111· 101111
010111111101100110180010ῗο8
1011.. 081111100001110. carpentur.. 71, 01. 1111001110..
11...
31, ι1τ7ἑ111ι1ξῗίὶ11οί559111111111,00,, 11001101,·70’.111010001111
’301000010010100., magdunensis, 87. 1111011008 .

Τ

1111111101.. 11 10.11,10,00,01,01,01.
1111010010

1011111110,ζο 11,11,11,11,10,01,10,111,110.
Themison& 111).

{mm 11, 1111, 10, 111.
10000000100101, 111.

’1111001111οο 11, 88101 151.
9110οΓ110110111101111001101, 18. ,
'mm us, 1591

U
V

1011001ίυὶ101 101,18.
δῖιξὶίυῖἇίιῖῗῗ, 118, 110, 111.
1111111110·

, .

⁸' 0101111101,18.

· 1010111001.1111011110.11, 18, 01.

1110101 Aur.. 01, 08, 100ἱ
1113110310, 1111111, 110,
11011111...
11111.111111100
1001011311, 10010, 110. ,

Χ

1101111101, 11. “

Ζ
1001101,10,11,11,1’1,11, 11, 100,111,111,111,111

 

